-0.024682 
-0.004144 
0.028528 
-0.003446 
-0.019081 
0.019566 
0.008899 
0.010031 
-0.017580 
-0.018965 
0.002085 
-0.003903 
-0.017236 
-0.032120 
0.030100 
0.036828 
0.030640 
-0.014125 
-0.034352 
-0.006972 
-0.014708 
0.009951 
-0.019432 
0.017782 
0.004573 
0.005091 
-0.029268 
-0.029257 
-0.016572 
0.010378 
0.005813 
-0.033003 
0.014463 
0.036323 
0.013703 
-0.035218 
0.016005 
0.023939 
0.020734 
-0.006934 
-0.066077 
0.006241 
0.026998 
0.028256 
0.022566 
0.025491 
0.036155 
-0.001848 
0.008377 
-0.038635 
0.004558 
0.003312 
0.016136 
0.002822 
-0.012443 
0.006127 
0.023554 
-0.003805 
-0.072224 
0.009996 
0.002844 
0.009668 
-0.013878 
-0.024877 
0.009285 
-0.003402 
-0.010928 
-0.022580 
-0.004927 
-0.015652 
-0.023522 
-0.006497 
-0.013233 
-0.000099 
-0.023794 
0.014980 
0.006667 
0.021016 
0.004056 
0.007529 
-0.031110 
0.007612 
-0.004962 
-0.006240 
0.026498 
0.018307 
0.019668 
-0.016645 
-0.012870 
-0.012591 
-0.028361 
-0.009800 
-0.012515 
-0.010922 
-0.001603 
0.010357 
-0.017947 
-0.038289 
-0.038105 
0.026179 
0.001156 
0.029183 
0.017643 
0.036733 
0.000416 
0.005991 
0.005016 
0.017483 
0.013751 
0.014148 
-0.012667 
-0.019576 
-0.034839 
-0.037987 
-0.037238 
-0.020577 
-0.002576 
0.019888 
0.052576 
0.020555 
0.016218 
-0.043282 
-0.034224 
-0.044479 
-0.044051 
0.010105 
0.037550 
-0.013176 
0.006309 
-0.013798 
-0.030911 
-0.035671 
-0.002449 
0.005111 
0.026553 
0.042776 
0.008190 
-0.000538 
-0.015374 
-0.021109 
0.007986 
-0.000838 
-0.008201 
0.019652 
0.014786 
0.035176 
0.035891 
0.014921 
-0.058798 
-0.036611 
-0.045228 
-0.051897 
-0.005894 
0.020620 
0.036554 
0.026256 
0.013141 
-0.030773 
-0.009718 
0.010926 
0.013552 
0.003744 
0.011824 
-0.010170 
0.018200 
-0.034710 
-0.036447 
-0.001970 
-0.004688 
-0.034310 
0.013429 
-0.000902 
-0.026251 
0.014384 
-0.007409 
-0.019858 
0.021975 
-0.016091 
-0.012616 
0.007855 
0.004402 
0.014330 
-0.018431 
-0.040857 
-0.040884 
-0.006538 
0.028800 
0.046734 
0.007629 
-0.021284 
0.007827 
-0.007342 
-0.046867 
-0.036641 
-0.018152 
0.004164 
0.033881 
-0.013124 
-0.033914 
-0.046650 
0.001660 
-0.022733 
-0.054986 
0.003819 
0.010280 
0.027787 
-0.029850 
-0.014374 
-0.031410 
-0.016250 
-0.011713 
-0.031866 
0.011419 
0.017311 
0.003945 
-0.032085 
-0.041430 
-0.016578 
-0.005102 
-0.015273 
-0.070879 
-0.016931 
0.008722 
0.047615 
-0.020981 
-0.022924 
-0.013299 
-0.005326 
-0.020993 
-0.048482 
0.005880 
0.014217 
0.042281 
-0.002908 
-0.014378 
-0.029264 
-0.033882 
-0.028451 
-0.055895 
-0.002734 
0.022396 
0.021846 
-0.024499 
0.013821 
-0.017100 
-0.028239 
-0.020830 
-0.077218 
-0.002155 
0.026282 
-0.012733 
-0.018058 
-0.003925 
-0.002228 
0.012700 
-0.006616 
-0.061198 
0.006897 
-0.022141 
-0.008437 
0.016561 
0.010231 
0.016212 
0.008344 
-0.025162 
-0.050259 
-0.000479 
-0.030257 
-0.000763 
0.022538 
-0.004519 
-0.033474 
-0.039043 
-0.006245 
-0.048805 
-0.006396 
-0.008872 
-0.057982 
-0.004424 
0.018263 
0.001560 
-0.055514 
-0.030101 
-0.028910 
0.001298 
-0.035968 
-0.043547 
0.000841 
0.019036 
0.015973 
-0.019700 
-0.056254 
-0.088021 
-0.031321 
-0.028336 
0.016638 
0.033000 
0.027435 
0.031442 
-0.003317 
-0.034645 
-0.072496 
-0.029122 
-0.006051 
0.038901 
0.043765 
0.025900 
0.010981 
-0.019017 
-0.039076 
-0.045126 
-0.045418 
-0.040057 
-0.030665 
0.019947 
0.049121 
0.014878 
0.030016 
0.004393 
-0.029144 
-0.027143 
0.010985 
0.001328 
0.045412 
0.000094 
-0.010236 
-0.024436 
-0.025575 
-0.063798 
-0.005583 
-0.011677 
0.023296 
0.026758 
0.009774 
-0.011434 
-0.013901 
-0.008516 
-0.046294 
0.014988 
-0.021447 
0.027260 
0.042017 
-0.014968 
-0.029435 
0.004661 
-0.002200 
-0.057066 
0.000049 
0.018100 
-0.001565 
-0.005011 
-0.000329 
-0.005738 
0.001538 
0.014534 
-0.044722 
0.025109 
-0.008664 
0.027301 
0.009283 
-0.014322 
-0.007684 
-0.026561 
-0.011492 
-0.020745 
0.020248 
-0.003044 
0.023599 
-0.002919 
-0.000330 
-0.016473 
-0.007467 
0.028314 
-0.030470 
0.024210 
0.017186 
0.041751 
-0.001461 
-0.002586 
-0.015973 
-0.017292 
-0.023214 
-0.024610 
0.025112 
-0.004867 
0.038296 
-0.011771 
0.022984 
-0.005488 
-0.027793 
0.008355 
-0.041327 
0.040436 
0.008188 
0.019204 
0.007823 
0.007205 
-0.000238 
0.022829 
0.018717 
-0.052429 
0.006796 
0.012880 
0.040963 
0.006705 
-0.063409 
-0.009124 
0.000783 
-0.001907 
-0.060591 
-0.003021 
-0.029449 
0.026241 
-0.047680 
0.005714 
0.031859 
0.000199 
0.025833 
-0.047677 
0.033144 
0.007912 
0.017644 
0.027079 
-0.024826 
0.040143 
0.007251 
0.021332 
-0.048151 
0.002240 
-0.030599 
0.040449 
-0.011291 
-0.068593 
-0.001981 
-0.017226 
0.011200 
-0.029917 
-0.006286 
-0.054786 
0.004476 
-0.063991 
-0.028200 
-0.015194 
-0.011193 
0.046659 
-0.034498 
-0.014116 
-0.047849 
0.009943 
-0.024699 
-0.030941 
0.023849 
0.006773 
0.037335 
-0.026342 
-0.008078 
-0.030073 
0.047131 
-0.045067 
-0.034000 
0.005005 
-0.015643 
0.034363 
-0.016652 
0.006420 
-0.027337 
0.037546 
-0.028006 
0.005792 
-0.004339 
0.010542 
0.041997 
-0.080882 
-0.022838 
-0.011771 
0.035535 
0.009562 
-0.000976 
-0.005475 
0.010421 
0.032719 
-0.104391 
-0.047122 
-0.033392 
0.051575 
-0.006704 
-0.002738 
0.009318 
-0.004452 
0.030116 
-0.069645 
-0.008331 
0.010684 
0.035259 
0.007379 
0.018993 
0.028134 
0.006026 
0.022143 
-0.070427 
-0.026197 
-0.004688 
0.048811 
-0.005341 
-0.001418 
-0.000664 
0.008353 
0.063541 
-0.080058 
-0.019039 
-0.023630 
0.052461 
0.008655 
-0.013804 
-0.001650 
-0.052789 
0.045862 
-0.079158 
0.014195 
0.032984 
0.060365 
0.011063 
0.004462 
0.022151 
0.011484 
0.084493 
-0.064459 
0.003352 
-0.003525 
0.040072 
-0.004564 
-0.024700 
0.002984 
-0.014347 
0.054292 
-0.071172 
0.005599 
0.004488 
0.022172 
-0.032506 
-0.010285 
0.007446 
-0.022298 
0.009745 
-0.007869 
-0.001505 
-0.037323 
-0.026597 
-0.007387 
-0.021706 
0.002447 
0.009842 
0.020494 
-0.003228 
-0.008286 
-0.019172 
-0.018408 
-0.004191 
-0.018630 
0.011302 
-0.010687 
-0.005525 
-0.011377 
-0.012393 
-0.025069 
-0.020314 
-0.029479 
-0.019958 
-0.019353 
-0.003634 
0.017933 
0.023606 
-0.006707 
-0.024918 
-0.022758 
-0.006239 
-0.034333 
0.017425 
0.030576 
0.016518 
-0.028799 
0.009463 
0.009786 
-0.012811 
-0.021364 
-0.041948 
-0.000335 
0.019416 
0.021905 
-0.047129 
-0.004075 
0.018113 
-0.030133 
-0.034100 
-0.043871 
-0.023952 
0.009005 
0.039355 
0.001073 
0.017761 
0.025235 
-0.010622 
-0.025025 
-0.015226 
-0.008970 
0.045283 
0.035371 
-0.018798 
0.002406 
0.047697 
-0.013606 
-0.045575 
-0.033118 
-0.011178 
-0.003787 
-0.017948 
-0.043119 
0.003292 
-0.015075 
-0.040718 
-0.035807 
-0.004136 
0.010062 
0.017607 
-0.000238 
0.008628 
0.001946 
0.007330 
-0.016341 
-0.009230 
-0.017356 
-0.001273 
0.030439 
-0.001390 
-0.066105 
-0.006209 
0.017161 
-0.029373 
-0.050053 
0.033440 
0.026043 
0.043729 
-0.000051 
-0.035893 
0.002539 
-0.005411 
-0.020902 
-0.009036 
0.028173 
0.000282 
-0.010400 
0.013902 
-0.023674 
-0.015903 
0.013834 
0.000597 
0.000205 
0.030991 
-0.059568 
-0.038177 
-0.018997 
-0.025792 
0.000125 
0.005356 
0.034963 
0.032952 
0.031218 
-0.003099 
-0.032350 
-0.018051 
-0.047357 
-0.025619 
-0.020024 
-0.023848 
0.005894 
0.008974 
-0.071639 
-0.098893 
-0.071165 
-0.018987 
0.019126 
-0.005207 
0.019388 
0.029544 
-0.027054 
-0.098379 
-0.025919 
-0.028495 
-0.017399 
0.001917 
-0.001855 
-0.003489 
-0.009932 
-0.061781 
-0.105990 
-0.010461 
0.006625 
0.030996 
0.043920 
0.029640 
-0.018967 
-0.022855 
-0.028781 
-0.118675 
-0.090889 
-0.019987 
0.004652 
0.035435 
0.005389 
-0.009178 
-0.019402 
-0.024429 
-0.068618 
-0.022224 
0.042485 
0.066765 
0.088998 
0.049027 
-0.005251 
-0.003483 
-0.076863 
-0.093075 
-0.016834 
0.000348 
-0.026637 
0.022208 
0.005992 
-0.008778 
-0.052640 
-0.033780 
-0.048886 
0.013272 
0.023426 
0.014595 
0.049716 
0.028946 
0.006900 
-0.059230 
-0.069416 
-0.049196 
-0.028744 
0.022334 
0.023867 
0.038787 
0.008225 
-0.006089 
-0.010079 
-0.020977 
0.001874 
-0.002151 
0.049516 
0.027532 
0.028153 
-0.009565 
-0.005198 
-0.023774 
-0.011231 
-0.019837 
-0.008607 
0.015081 
-0.037394 
0.025196 
0.013880 
-0.011588 
-0.043205 
0.001935 
-0.019225 
-0.030379 
0.007379 
-0.069926 
0.001068 
-0.014581 
-0.071149 
-0.021338 
-0.008165 
-0.018446 
0.011681 
0.055001 
-0.027556 
0.001342 
-0.029897 
-0.036215 
-0.044170 
-0.026452 
-0.032918 
-0.008157 
0.068341 
-0.025809 
0.017462 
-0.034090 
-0.083802 
-0.050776 
-0.002682 
-0.040687 
-0.040814 
0.018477 
-0.042674 
-0.004144 
-0.021367 
-0.060892 
0.013207 
0.028077 
-0.024936 
-0.021528 
0.004705 
-0.021933 
-0.018483 
-0.057840 
-0.039805 
0.038330 
-0.013573 
-0.049292 
-0.035396 
0.066777 
-0.003596 
0.019356 
-0.016453 
-0.073615 
-0.040518 
-0.013599 
-0.055079 
-0.011085 
0.034033 
0.015023 
0.030971 
-0.015763 
-0.013377 
-0.010833 
0.009813 
-0.019108 
-0.002021 
-0.000368 
-0.045078 
-0.038505 
-0.049819 
-0.041754 
0.031433 
0.042189 
0.022375 
0.022495 
0.007525 
-0.040483 
-0.039101 
-0.021047 
-0.016693 
0.046914 
-0.015657 
-0.040587 
0.012058 
0.020534 
0.006407 
0.007432 
-0.045652 
-0.049025 
-0.030694 
0.027511 
0.018270 
0.029623 
0.023051 
0.010634 
-0.012736 
-0.036557 
-0.045923 
-0.005073 
-0.008448 
-0.000016 
0.016930 
0.010606 
-0.075175 
-0.019214 
0.012102 
0.003011 
0.016493 
-0.010456 
-0.002594 
0.022246 
0.041092 
-0.056999 
0.024783 
0.010424 
0.042045 
0.014421 
0.013852 
0.004758 
0.006203 
0.008169 
-0.015359 
-0.001499 
-0.016394 
-0.036846 
-0.036078 
-0.024934 
-0.007558 
-0.001675 
0.019305 
-0.026106 
0.025101 
0.018004 
-0.025875 
-0.029115 
-0.004184 
-0.012032 
0.028164 
0.011583 
-0.073030 
0.014455 
0.008923 
0.052056 
0.016210 
0.032758 
-0.004779 
-0.002836 
-0.000303 
-0.065773 
0.009087 
0.005837 
0.044162 
0.031854 
-0.033389 
-0.031920 
0.004095 
-0.011913 
-0.050172 
-0.008044 
-0.005548 
-0.017395 
-0.025652 
-0.003202 
-0.031413 
-0.027201 
-0.017582 
-0.052009 
0.003688 
-0.030490 
0.023584 
-0.004576 
0.032639 
0.041484 
0.008819 
0.010322 
-0.075552 
0.007192 
-0.008274 
0.016139 
0.015588 
0.032796 
0.054495 
0.028282 
0.005199 
-0.092602 
-0.005688 
0.003021 
0.020568 
0.011133 
-0.021762 
0.011354 
-0.016636 
-0.010564 
-0.064179 
-0.009839 
-0.047519 
-0.022288 
-0.020416 
-0.011942 
0.051267 
0.030489 
0.019414 
-0.093658 
-0.011968 
-0.023069 
-0.025758 
-0.009467 
0.012766 
0.010264 
0.001102 
0.008225 
-0.084932 
-0.013274 
-0.002134 
0.027076 
0.027716 
-0.002881 
-0.002805 
-0.039389 
0.001834 
-0.062528 
0.009413 
-0.021205 
0.035331 
0.029273 
0.000475 
0.008489 
0.002192 
0.004001 
-0.077034 
-0.011405 
-0.027312 
-0.006988 
0.009605 
-0.013752 
-0.011282 
-0.040597 
-0.005030 
-0.074064 
-0.029461 
-0.023900 
-0.019055 
0.002780 
0.038696 
0.016629 
-0.034512 
-0.004993 
-0.086684 
-0.007376 
0.009621 
0.027605 
0.040151 
0.029597 
0.027112 
0.002608 
0.009758 
-0.081006 
-0.037112 
-0.011694 
0.014891 
0.019455 
0.025936 
0.016389 
-0.041542 
-0.008912 
-0.093655 
-0.045439 
-0.038627 
0.001405 
0.004008 
0.028150 
0.010672 
0.005040 
-0.000408 
-0.077516 
-0.041777 
-0.065597 
-0.009637 
-0.007517 
0.014317 
0.017833 
0.001434 
0.051686 
-0.066857 
-0.021244 
-0.015705 
-0.003924 
0.004711 
-0.001683 
-0.005082 
-0.011507 
0.043296 
-0.104737 
0.013128 
-0.000688 
-0.005825 
-0.025687 
0.008022 
-0.006049 
-0.000222 
0.018473 
-0.071317 
-0.036114 
-0.047489 
-0.019070 
-0.025675 
-0.004128 
0.013896 
-0.008426 
0.060292 
-0.090057 
-0.019448 
-0.010086 
-0.013537 
-0.029005 
-0.030502 
0.004122 
-0.008060 
-0.016969 
-0.011692 
-0.021355 
-0.007361 
-0.019551 
-0.041387 
-0.012288 
-0.018370 
-0.011194 
-0.015165 
-0.032257 
-0.014710 
-0.008720 
0.003260 
-0.025336 
-0.017704 
0.037312 
0.025757 
0.003182 
-0.027910 
-0.024698 
-0.021360 
-0.020351 
-0.035642 
0.009462 
0.047342 
0.007102 
0.000291 
-0.014459 
-0.009260 
0.002455 
-0.009369 
-0.009402 
-0.005592 
-0.043041 
-0.003672 
0.008960 
-0.035901 
0.004523 
0.025186 
0.035712 
0.000188 
0.001892 
-0.036196 
0.018810 
0.014738 
-0.017202 
0.000496 
0.013910 
-0.018883 
0.004103 
0.013019 
-0.034393 
-0.017939 
-0.028233 
-0.046833 
-0.014058 
0.012081 
0.023968 
0.020233 
-0.028642 
-0.080528 
-0.094518 
-0.043913 
-0.022641 
-0.008291 
-0.010756 
-0.014965 
0.007049 
-0.005116 
-0.009798 
0.037927 
-0.014474 
-0.041563 
0.001929 
0.008536 
-0.020426 
0.001722 
0.021019 
0.026055 
0.040764 
0.008386 
-0.020510 
-0.013377 
-0.030732 
-0.018467 
0.004910 
-0.076122 
-0.081802 
-0.053199 
-0.030211 
-0.014959 
0.007598 
-0.040244 
-0.061837 
-0.051033 
-0.027556 
-0.023810 
-0.005921 
-0.004543 
0.022393 
0.012550 
-0.072996 
-0.059226 
-0.046003 
0.029195 
0.001594 
-0.077352 
-0.070246 
-0.056679 
-0.032178 
-0.043685 
-0.015391 
0.022551 
0.021089 
-0.054502 
-0.121904 
-0.092941 
-0.019822 
0.030155 
0.007599 
0.015757 
0.043815 
0.019663 
-0.006109 
-0.082363 
-0.074944 
-0.025280 
-0.019552 
-0.069889 
-0.028682 
-0.008702 
0.075500 
0.034940 
-0.024290 
-0.030068 
-0.026518 
0.010661 
0.011088 
0.041736 
0.100020 
-0.052620 
-0.116609 
-0.133844 
-0.064800 
-0.051665 
0.003379 
-0.033243 
-0.054705 
-0.020283 
-0.008837 
-0.045484 
-0.026577 
0.018825 
0.010800 
0.046421 
-0.004308 
-0.050787 
-0.017739 
0.013556 
-0.006733 
-0.036602 
-0.011921 
-0.045783 
-0.024587 
-0.038888 
-0.013234 
0.028689 
0.015696 
-0.000968 
-0.001968 
0.012307 
0.003775 
0.028593 
-0.034254 
-0.017094 
0.000272 
-0.055105 
-0.046026 
-0.044817 
-0.019369 
-0.039947 
-0.011049 
-0.023922 
-0.024532 
-0.041900 
-0.016831 
-0.042493 
-0.035963 
-0.009758 
-0.045704 
-0.033367 
-0.037146 
-0.023279 
-0.004746 
-0.008244 
0.009893 
-0.022455 
-0.018991 
-0.050357 
0.017708 
-0.027833 
-0.011654 
-0.002172 
0.004427 
0.021221 
0.010426 
0.005652 
-0.052372 
0.026568 
-0.023896 
0.004408 
0.031968 
-0.028310 
-0.059543 
-0.034487 
0.010541 
-0.087813 
-0.033256 
-0.064432 
-0.016838 
-0.039117 
-0.032390 
-0.063237 
-0.059575 
0.033542 
-0.072627 
-0.010738 
-0.061447 
-0.043663 
-0.037758 
-0.008192 
0.012344 
0.006959 
0.046076 
-0.053090 
0.034256 
-0.017726 
0.010693 
0.028764 
0.003485 
0.020645 
-0.010404 
0.039868 
-0.059039 
0.021714 
-0.007157 
0.040506 
0.040228 
-0.015606 
-0.068126 
-0.065949 
0.033332 
-0.058009 
-0.012202 
-0.027236 
-0.057252 
-0.049493 
-0.030610 
-0.050535 
-0.046689 
-0.008228 
-0.031878 
0.018031 
-0.027729 
-0.062902 
-0.048485 
0.046151 
0.028444 
0.007709 
0.022979 
-0.101517 
-0.026541 
-0.023132 
0.017111 
0.047834 
0.041185 
0.036486 
0.004130 
0.018557 
-0.083093 
-0.045247 
-0.034492 
-0.012851 
0.039526 
-0.053869 
-0.024623 
-0.025803 
-0.006428 
-0.034798 
-0.004185 
-0.047182 
-0.098940 
-0.080387 
-0.029472 
0.014445 
-0.005228 
0.013496 
-0.025632 
-0.012161 
-0.052823 
-0.082772 
-0.046031 
0.053566 
0.047243 
0.005277 
0.041783 
-0.078555 
-0.044059 
-0.051284 
-0.000603 
0.022743 
0.034636 
0.046964 
-0.006144 
0.035763 
-0.073346 
-0.023455 
-0.040317 
0.022613 
0.016774 
-0.046375 
0.009228 
-0.013932 
0.037678 
-0.007952 
0.026981 
-0.020202 
-0.087122 
-0.089569 
-0.069735 
-0.012074 
-0.044369 
0.026241 
-0.026961 
0.017799 
-0.050888 
-0.098385 
-0.098997 
0.023534 
0.053366 
0.013744 
0.055386 
-0.047251 
0.018925 
-0.026767 
0.043871 
0.015554 
-0.019145 
0.025788 
0.012294 
0.067993 
-0.002369 
0.040229 
-0.032913 
-0.017763 
-0.051747 
-0.013776 
-0.026441 
-0.030740 
0.008948 
-0.033091 
0.010458 
-0.017910 
-0.068990 
-0.032821 
-0.040353 
-0.068282 
-0.035327 
-0.007007 
-0.021227 
0.012163 
-0.043580 
-0.043665 
-0.052672 
-0.005353 
0.023482 
0.005534 
0.056944 
0.025420 
0.041108 
-0.012851 
-0.035026 
-0.002320 
-0.051564 
-0.043876 
-0.008290 
0.030566 
-0.013443 
0.042453 
-0.048270 
-0.028917 
-0.018776 
-0.054443 
-0.024829 
0.005194 
0.050178 
0.004040 
0.052326 
0.000134 
-0.028452 
-0.070770 
-0.017396 
0.018062 
0.023817 
0.044788 
-0.021147 
0.049272 
-0.001156 
-0.054803 
-0.069618 
-0.058763 
-0.035901 
0.011021 
0.056357 
0.029375 
0.089212 
0.000084 
-0.016993 
-0.023588 
-0.042461 
0.007655 
-0.004196 
0.030096 
0.012887 
0.059698 
-0.021841 
-0.067948 
-0.040453 
0.002540 
0.044126 
0.039290 
0.068857 
0.023472 
0.061729 
0.012543 
-0.028866 
-0.042589 
-0.018008 
0.014965 
-0.008980 
0.049782 
0.007758 
0.025758 
0.011983 
-0.050131 
-0.031843 
-0.005240 
0.019109 
-0.001470 
0.041375 
0.028915 
0.038322 
-0.041538 
-0.080654 
-0.027702 
-0.055242 
-0.052218 
-0.056840 
-0.003522 
-0.006292 
-0.026994 
-0.081676 
-0.099570 
-0.057258 
0.036939 
0.023345 
-0.002104 
0.025846 
0.003400 
0.005235 
-0.009363 
-0.022867 
-0.000539 
0.051851 
0.032641 
0.043377 
0.025220 
-0.020828 
-0.002928 
-0.007829 
0.006047 
0.020402 
-0.035305 
-0.085947 
-0.074290 
-0.052547 
-0.014579 
-0.048350 
-0.064067 
-0.084118 
-0.059199 
-0.043250 
-0.062986 
-0.050023 
-0.071069 
-0.047412 
-0.079577 
-0.041655 
-0.029852 
-0.046660 
-0.001576 
-0.011587 
0.000092 
0.022364 
-0.083980 
-0.038380 
-0.038913 
-0.011750 
-0.034176 
0.021084 
0.048556 
0.025981 
0.085414 
-0.073227 
-0.006314 
0.000702 
0.023178 
-0.003686 
-0.065932 
-0.036076 
-0.058589 
-0.064274 
-0.077462 
-0.090571 
-0.081338 
-0.023606 
-0.053886 
0.036010 
0.068823 
0.028126 
0.031745 
-0.092054 
-0.047493 
-0.001360 
0.052680 
0.023307 
-0.008489 
0.029259 
0.012489 
-0.027498 
-0.033555 
0.005941 
-0.002538 
-0.004011 
-0.023864 
-0.002252 
0.048708 
0.010337 
0.015574 
-0.014675 
0.018902 
0.037016 
0.004618 
-0.017651 
-0.056347 
-0.025726 
-0.029947 
-0.039598 
-0.042170 
-0.004018 
-0.000980 
-0.002046 
-0.045337 
-0.021426 
-0.013265 
-0.026672 
-0.057384 
-0.029603 
-0.020755 
0.036266 
0.038701 
-0.009409 
0.035485 
0.011512 
-0.015869 
-0.027125 
-0.044354 
0.009846 
0.039649 
0.027286 
0.030771 
0.009482 
-0.037033 
-0.069187 
-0.068491 
-0.046746 
-0.000662 
0.006483 
0.040486 
0.056082 
0.033128 
0.013462 
-0.003713 
-0.061615 
-0.090506 
-0.047659 
-0.003184 
0.013035 
0.031250 
0.029803 
0.005287 
-0.028078 
-0.064738 
-0.082503 
-0.064742 
-0.070931 
-0.049445 
0.036551 
-0.055718 
-0.075516 
-0.065283 
-0.015395 
0.015496 
0.019212 
-0.032314 
-0.037507 
-0.014404 
-0.010156 
-0.025013 
-0.021218 
0.032590 
0.068103 
0.046455 
-0.060201 
-0.054975 
-0.035088 
-0.014646 
-0.049708 
-0.037176 
-0.030856 
-0.022835 
-0.030360 
-0.096140 
-0.062779 
0.000702 
-0.007171 
-0.026217 
-0.034399 
0.014802 
0.001844 
0.018580 
-0.047636 
-0.018939 
0.002787 
0.009642 
-0.027280 
-0.082229 
-0.051152 
-0.009211 
-0.015940 
-0.079146 
-0.045032 
-0.033902 
0.085716 
0.056568 
-0.003169 
-0.003830 
-0.025703 
-0.022812 
-0.027983 
0.008022 
0.066401 
-0.025317 
-0.045123 
-0.080728 
-0.052693 
-0.031889 
-0.054775 
-0.098468 
-0.046166 
-0.014970 
0.077809 
0.026159 
-0.026274 
-0.015100 
-0.025558 
-0.020780 
-0.025493 
0.022609 
0.050295 
-0.002387 
0.014496 
-0.033543 
-0.032478 
-0.062919 
-0.059357 
-0.065931 
-0.038816 
-0.001330 
-0.014226 
0.018021 
-0.016370 
0.016598 
-0.015356 
-0.007929 
-0.037280 
-0.021783 
-0.020220 
-0.005979 
-0.037804 
-0.065232 
-0.037840 
-0.043940 
-0.036168 
-0.043604 
-0.009653 
-0.022758 
-0.031086 
-0.006379 
-0.004397 
0.027463 
-0.004721 
0.038022 
0.001077 
0.011536 
-0.015145 
-0.024256 
0.001962 
-0.012632 
-0.000578 
-0.055213 
0.002377 
-0.038243 
-0.028868 
-0.029875 
0.006046 
0.015262 
0.002915 
0.004540 
-0.069520 
0.018046 
-0.028030 
-0.013551 
-0.000027 
-0.035179 
-0.026416 
-0.054297 
-0.001581 
-0.047686 
0.028603 
0.004561 
0.009576 
-0.021124 
-0.014996 
-0.043203 
-0.035508 
-0.002729 
-0.047321 
0.026949 
0.001510 
0.006047 
-0.001452 
-0.011314 
0.003387 
-0.018213 
0.026013 
-0.080646 
0.019319 
-0.010228 
-0.004034 
0.003667 
-0.022867 
0.018364 
-0.010281 
0.002601 
-0.074718 
0.004357 
0.002764 
0.042017 
0.018464 
-0.005264 
-0.040698 
-0.046281 
0.007271 
-0.077726 
-0.008112 
-0.027779 
0.000830 
0.023202 
-0.005946 
-0.001193 
-0.045807 
-0.028595 
-0.104669 
-0.003586 
-0.031574 
0.004081 
0.013315 
0.026706 
0.025682 
-0.000251 
-0.013374 
-0.147603 
-0.044739 
0.013246 
0.037790 
0.029005 
0.043255 
0.026437 
-0.032643 
0.002322 
-0.102808 
-0.049232 
-0.030267 
0.026400 
0.036991 
-0.000566 
0.037317 
-0.036604 
-0.060410 
-0.133335 
-0.009542 
-0.017739 
0.012340 
0.015969 
0.019018 
0.015166 
-0.058006 
-0.046322 
-0.083227 
-0.008011 
0.006425 
0.020851 
0.024027 
0.047599 
0.018361 
-0.029147 
0.038930 
-0.085333 
-0.035181 
-0.045713 
0.020663 
0.026357 
0.010156 
0.001379 
-0.024714 
0.021155 
-0.080214 
-0.031750 
-0.069356 
-0.023114 
0.012962 
0.028924 
-0.007144 
-0.076771 
-0.026905 
-0.070940 
0.002513 
-0.014589 
0.031748 
0.024691 
0.010211 
-0.023555 
-0.045629 
0.007972 
-0.061218 
-0.005184 
-0.059952 
-0.018271 
0.009994 
-0.042793 
-0.009406 
-0.003387 
0.045576 
-0.011698 
0.011386 
-0.032140 
-0.018875 
-0.014490 
-0.067490 
-0.007056 
0.001797 
0.045944 
0.030610 
0.055590 
-0.027127 
-0.036514 
-0.077521 
-0.035498 
-0.000714 
-0.000930 
0.053892 
0.019994 
0.044217 
-0.024278 
-0.044211 
-0.041479 
-0.079701 
0.006516 
0.003807 
0.057070 
0.046650 
0.072059 
-0.021694 
-0.072416 
-0.083789 
-0.030341 
0.014073 
0.007670 
0.054622 
0.045748 
0.048714 
-0.019464 
-0.053425 
-0.043824 
-0.020877 
-0.042484 
-0.000214 
0.038086 
0.002014 
0.035466 
-0.043428 
-0.059948 
-0.018927 
-0.035269 
0.036995 
0.011642 
0.069787 
0.072046 
0.055423 
-0.024403 
-0.080308 
-0.071067 
-0.040867 
-0.040400 
-0.009730 
0.062020 
0.026915 
0.023413 
-0.035214 
-0.097616 
-0.045474 
-0.007021 
-0.061892 
0.001315 
0.014556 
0.006793 
0.051952 
-0.008716 
-0.007251 
-0.009565 
-0.028414 
-0.032089 
-0.001188 
0.004331 
0.004083 
0.029643 
-0.002691 
-0.014350 
-0.030709 
-0.056086 
-0.062648 
0.007252 
0.054361 
0.021206 
0.065298 
0.002358 
-0.034320 
-0.048742 
-0.042160 
-0.052057 
0.006927 
0.040402 
0.036252 
0.049430 
0.001317 
-0.034401 
-0.041068 
-0.004245 
0.023805 
0.028548 
0.031539 
0.035181 
0.032099 
-0.006046 
-0.006503 
-0.011406 
-0.044497 
-0.048985 
-0.042372 
-0.008915 
-0.009068 
-0.016857 
-0.071602 
-0.058445 
-0.069729 
-0.037634 
0.009770 
0.045937 
0.040638 
0.049577 
0.019540 
0.027348 
0.028992 
-0.044809 
-0.068194 
-0.047076 
-0.016144 
-0.013478 
0.013179 
-0.020824 
-0.044614 
-0.040080 
-0.074287 
-0.013140 
-0.044997 
-0.055395 
-0.022943 
0.028208 
0.014258 
-0.028287 
-0.060605 
-0.014340 
-0.019915 
-0.021958 
-0.020626 
-0.042285 
-0.035820 
-0.016683 
0.005306 
-0.003448 
-0.004067 
-0.047343 
-0.022199 
-0.025484 
-0.019644 
0.014334 
0.010862 
-0.054838 
-0.058118 
-0.053863 
-0.031835 
0.013958 
-0.014011 
-0.043615 
-0.035103 
0.009495 
-0.024447 
-0.036764 
-0.030656 
-0.042668 
-0.001561 
-0.024178 
-0.069740 
-0.111307 
-0.065274 
-0.036671 
0.002322 
-0.003699 
0.046227 
0.087036 
0.046665 
0.027753 
-0.089268 
-0.017553 
0.019437 
0.061307 
0.048549 
-0.056487 
-0.002447 
-0.027468 
-0.077520 
-0.089199 
-0.069867 
-0.034738 
-0.030150 
-0.038491 
0.010308 
0.064150 
0.038149 
-0.001943 
-0.088140 
-0.014851 
0.025584 
0.036270 
0.023514 
-0.051340 
-0.016977 
-0.024925 
-0.024639 
-0.046102 
0.001834 
-0.003189 
-0.015412 
-0.035301 
-0.005092 
0.009297 
-0.006670 
-0.024285 
-0.047402 
-0.020164 
0.042929 
0.059150 
0.019861 
-0.048001 
-0.004988 
-0.015498 
-0.022842 
-0.027590 
0.007516 
-0.004229 
0.001125 
-0.045493 
0.013169 
0.023887 
0.002413 
-0.027625 
-0.014672 
0.005171 
0.050126 
0.050444 
-0.003598 
0.014734 
0.014191 
0.017132 
-0.028239 
-0.086498 
-0.048770 
-0.024576 
0.000655 
0.011231 
0.013862 
-0.000561 
0.018270 
-0.000218 
-0.045995 
-0.075769 
-0.113886 
-0.079411 
-0.002525 
0.024451 
0.036546 
0.033789 
0.003308 
-0.023474 
0.011697 
0.027524 
0.023871 
0.012171 
0.011572 
0.017257 
0.032908 
0.032560 
0.007718 
0.004610 
0.011358 
0.005076 
-0.009522 
-0.047377 
-0.057028 
-0.004875 
-0.010036 
0.017620 
-0.033874 
-0.064354 
-0.047318 
-0.051676 
-0.033808 
-0.074525 
-0.043217 
0.000832 
0.009195 
0.006058 
-0.032610 
0.007415 
-0.031100 
-0.035394 
-0.021047 
-0.002266 
0.009775 
0.040271 
-0.007733 
-0.002505 
0.021770 
-0.040664 
-0.027783 
-0.030464 
-0.011615 
0.003071 
0.019747 
-0.004412 
0.008342 
0.051455 
0.016375 
-0.024776 
-0.027997 
-0.041382 
0.000329 
-0.027296 
-0.099692 
-0.114791 
-0.020928 
0.001316 
0.074151 
0.024673 
-0.009668 
0.047954 
0.008967 
-0.017421 
-0.031410 
0.023283 
0.060701 
0.003771 
0.025352 
-0.008125 
-0.010498 
-0.060266 
-0.122663 
-0.113815 
-0.060654 
0.033173 
0.050084 
0.079870 
0.036172 
0.043892 
-0.017814 
-0.098642 
-0.112246 
-0.049669 
0.024281 
0.004966 
-0.015672 
-0.040365 
-0.005244 
-0.045083 
0.002566 
-0.039532 
0.009831 
0.002599 
-0.007221 
0.022112 
-0.019528 
0.027853 
-0.021034 
0.054653 
0.036662 
0.027929 
-0.006341 
-0.018593 
0.019411 
-0.028858 
0.000147 
-0.038861 
-0.063620 
-0.119294 
-0.091124 
-0.047424 
-0.022865 
0.010459 
-0.022840 
0.021235 
-0.016016 
0.015944 
-0.022064 
-0.041383 
-0.017925 
-0.014886 
-0.031844 
-0.049781 
0.002007 
-0.049758 
0.049934 
0.046897 
0.038464 
0.002274 
0.028986 
-0.026489 
-0.019200 
-0.001542 
-0.049746 
0.047550 
0.039923 
0.047315 
0.022394 
-0.033955 
-0.050217 
-0.080921 
-0.019884 
-0.038027 
0.009572 
-0.025754 
-0.064552 
-0.025229 
-0.005238 
-0.028558 
-0.056848 
-0.020327 
-0.048094 
-0.008492 
-0.020187 
-0.050559 
-0.015586 
0.056211 
-0.006344 
-0.028851 
0.018280 
-0.051480 
0.019529 
0.012054 
0.045476 
0.028688 
0.030592 
0.012767 
-0.016293 
0.018018 
-0.062877 
0.000716 
-0.020998 
0.011728 
0.025000 
0.008358 
-0.019785 
-0.044210 
0.002577 
-0.066845 
-0.030482 
-0.046937 
-0.049637 
-0.025318 
-0.040870 
-0.032869 
-0.026399 
0.021518 
-0.057019 
-0.014779 
-0.078067 
-0.072475 
-0.027676 
0.032962 
0.047127 
0.001505 
-0.011845 
-0.046557 
0.002016 
-0.021756 
0.002078 
0.027195 
0.058118 
0.029424 
-0.007890 
0.003174 
-0.027902 
0.029510 
-0.014467 
0.024617 
0.039568 
-0.048211 
-0.028908 
-0.046639 
-0.007377 
-0.031614 
-0.020851 
-0.073529 
-0.059385 
-0.051944 
-0.036682 
-0.049212 
-0.075386 
-0.013220 
-0.028528 
-0.016422 
-0.071615 
-0.040098 
-0.038217 
0.047958 
0.005405 
-0.045600 
-0.012171 
-0.031476 
0.021364 
0.002850 
0.058752 
0.041845 
0.021479 
0.022453 
-0.008068 
0.013378 
-0.031936 
0.024419 
0.013397 
0.071432 
0.015520 
-0.057267 
-0.086918 
-0.090436 
-0.024907 
-0.034633 
0.014733 
-0.014065 
-0.016068 
-0.042646 
-0.073506 
-0.096808 
-0.091887 
-0.042036 
-0.042739 
0.028213 
-0.002709 
0.001273 
-0.066915 
-0.003088 
0.030235 
0.015956 
0.052679 
0.036611 
0.045099 
0.014728 
0.054904 
-0.002713 
-0.052575 
0.018224 
0.008277 
0.061456 
0.031342 
0.068264 
0.016068 
0.017912 
-0.023482 
-0.128440 
-0.087721 
-0.082407 
-0.007510 
-0.016274 
-0.002672 
0.004808 
0.003835 
-0.073912 
-0.083501 
-0.095263 
-0.047551 
0.038032 
-0.004403 
0.009200 
-0.008241 
-0.003476 
-0.052181 
-0.023152 
0.025949 
0.022417 
0.052062 
0.060167 
0.047060 
0.006117 
-0.020958 
-0.013808 
-0.048777 
-0.016775 
-0.000414 
0.050163 
0.073770 
0.040841 
-0.018157 
-0.056242 
-0.051386 
-0.027529 
-0.039305 
-0.000758 
0.018267 
0.008399 
0.024539 
0.009385 
-0.005265 
-0.019610 
-0.049936 
-0.039928 
-0.017127 
-0.007795 
0.001620 
0.021202 
-0.011170 
-0.009534 
-0.028141 
-0.068062 
-0.021967 
0.012764 
0.059768 
0.078146 
0.074053 
-0.003329 
-0.007715 
-0.050343 
-0.075050 
-0.071642 
-0.008830 
0.049526 
0.054625 
0.059250 
-0.012179 
-0.015419 
-0.052624 
-0.052467 
-0.024367 
0.008670 
0.021125 
0.054773 
0.059633 
0.008735 
0.010436 
-0.056134 
-0.061145 
-0.061188 
0.017044 
0.037489 
0.056485 
0.047683 
0.000273 
0.009368 
-0.064027 
-0.080446 
-0.070565 
-0.017274 
0.041606 
0.043933 
0.020369 
0.000522 
-0.002462 
-0.059330 
-0.083091 
-0.089174 
-0.036273 
-0.018823 
0.028611 
-0.031973 
-0.050294 
-0.054538 
-0.060470 
-0.033022 
-0.047493 
0.007983 
0.063978 
0.051749 
0.037102 
0.008634 
0.023730 
-0.021321 
-0.018402 
0.001803 
-0.000657 
0.036579 
0.027212 
0.037347 
-0.018089 
0.015080 
0.004450 
-0.064202 
-0.067606 
-0.034979 
-0.039566 
-0.014957 
-0.045930 
-0.083263 
-0.062019 
-0.053023 
-0.032286 
-0.035931 
-0.053817 
-0.059545 
-0.052384 
-0.055704 
-0.072293 
-0.068045 
-0.031646 
0.023430 
0.030990 
0.052763 
0.036936 
0.001306 
0.038637 
-0.013337 
0.023422 
0.045243 
0.051400 
0.028833 
0.031409 
0.024236 
0.009463 
0.018320 
-0.026408 
0.029026 
0.037790 
-0.043167 
-0.029571 
-0.055611 
-0.072131 
-0.087412 
-0.060734 
-0.019857 
-0.025378 
-0.020842 
0.022264 
0.034646 
-0.006580 
-0.044012 
-0.112704 
-0.011027 
0.027946 
0.058387 
0.030857 
0.003902 
-0.006302 
-0.057591 
-0.030929 
-0.048732 
0.002116 
-0.004739 
0.012119 
-0.007269 
0.005907 
0.036738 
-0.013723 
-0.040256 
-0.061087 
0.020790 
0.008326 
0.042955 
0.030853 
-0.053894 
0.009051 
-0.014107 
-0.037570 
-0.025679 
0.010402 
-0.018808 
-0.005592 
-0.066179 
0.011507 
0.025270 
0.014975 
-0.006736 
0.010544 
0.029204 
0.020988 
0.028179 
-0.012134 
-0.033364 
0.004600 
-0.024860 
-0.040930 
-0.027778 
0.001589 
-0.018745 
0.002738 
-0.039178 
0.001058 
0.017830 
-0.001531 
-0.004270 
-0.013944 
0.030625 
-0.006371 
-0.008424 
-0.032620 
0.008474 
0.023924 
-0.006478 
-0.010363 
-0.033346 
0.018669 
0.021997 
0.018895 
-0.000712 
0.011884 
-0.007033 
0.002007 
-0.008410 
-0.020630 
0.011970 
0.034442 
0.018214 
-0.013905 
-0.033534 
0.005971 
-0.003982 
0.011931 
-0.022410 
0.004375 
-0.009939 
0.002723 
-0.030706 
-0.035006 
0.012814 
0.011097 
-0.025893 
-0.013658 
0.008285 
-0.014618 
0.000807 
-0.030894 
-0.006075 
-0.017040 
-0.012631 
-0.012618 
-0.009261 
-0.016948 
0.011042 
0.017223 
0.000611 
-0.001561 
-0.018413 
-0.026218 
-0.019382 
-0.006148 
-0.033787 
0.015869 
0.039152 
0.045307 
-0.020872 
-0.005499 
0.007040 
-0.007354 
-0.042797 
-0.011223 
-0.001145 
-0.007698 
-0.011429 
0.008769 
0.008587 
-0.010487 
0.000569 
-0.039239 
-0.006775 
-0.013176 
0.010477 
0.014332 
0.022612 
0.023370 
-0.020267 
0.010301 
-0.042145 
-0.066141 
-0.079298 
-0.008804 
0.029444 
0.048066 
0.041424 
0.006139 
0.052089 
-0.021723 
-0.047844 
-0.074325 
-0.058949 
-0.004429 
0.014109 
-0.004808 
-0.017279 
0.031060 
-0.033074 
-0.006097 
-0.000483 
0.027392 
0.016207 
0.034855 
-0.007830 
-0.015082 
0.019820 
-0.038500 
-0.007053 
-0.023564 
-0.024322 
0.012303 
0.023646 
0.026693 
0.008092 
0.062251 
0.022634 
0.025075 
-0.068977 
-0.089334 
-0.047381 
-0.003618 
0.029225 
0.036557 
0.092125 
0.077591 
0.069126 
0.010542 
-0.067242 
-0.028377 
-0.003011 
-0.017025 
-0.021800 
-0.001299 
-0.039229 
0.005603 
-0.061439 
-0.104166 
-0.031164 
-0.004108 
-0.010192 
-0.017186 
0.037248 
0.001127 
0.027985 
-0.030626 
-0.090180 
-0.051118 
-0.013409 
0.024821 
-0.002526 
0.030946 
0.058531 
0.051179 
0.012248 
-0.080997 
-0.027269 
0.004423 
0.038368 
0.018973 
0.046467 
0.030682 
0.026818 
0.005841 
-0.058854 
-0.015955 
-0.002106 
-0.001738 
-0.039878 
-0.002746 
-0.003436 
-0.002474 
-0.034456 
-0.103373 
-0.055155 
-0.020192 
0.001673 
-0.028306 
0.013048 
-0.023043 
-0.009697 
-0.024925 
-0.082039 
-0.024702 
-0.008099 
0.026778 
0.015970 
0.022860 
-0.019083 
-0.007267 
-0.002975 
-0.020891 
-0.037064 
-0.014184 
0.017363 
-0.013139 
0.046781 
0.002814 
0.041410 
0.021454 
-0.006226 
-0.015212 
-0.037034 
-0.014263 
0.008674 
0.005395 
-0.054014 
-0.026769 
-0.001167 
-0.024203 
-0.047041 
-0.011637 
-0.017879 
0.003380 
0.013346 
-0.039271 
0.028761 
0.048781 
0.020186 
0.008548 
-0.008951 
0.001390 
-0.043347 
0.017498 
-0.027163 
0.012749 
-0.020783 
-0.025900 
-0.011759 
-0.007221 
-0.013178 
-0.039051 
0.000653 
-0.017783 
-0.003931 
-0.017672 
-0.032761 
-0.012301 
0.016557 
-0.019311 
-0.049728 
-0.005646 
-0.032195 
0.013974 
0.028669 
0.014361 
0.007217 
0.012348 
-0.001231 
-0.033677 
-0.016019 
-0.021317 
0.031974 
0.014820 
0.018055 
0.007813 
-0.026023 
-0.016351 
-0.026983 
-0.002540 
-0.018703 
0.010764 
0.015555 
-0.036594 
-0.027113 
-0.031674 
-0.023289 
-0.048569 
-0.012851 
-0.017775 
0.044829 
0.031089 
-0.004898 
-0.046325 
0.000696 
-0.001519 
-0.009964 
-0.010876 
-0.018996 
0.011714 
0.006790 
-0.027499 
-0.000476 
0.023934 
0.028691 
0.007659 
-0.001723 
-0.046405 
0.006207 
0.014121 
0.001706 
0.005615 
-0.065205 
-0.026885 
-0.035324 
-0.002742 
-0.048884 
-0.001921 
0.014947 
-0.005126 
-0.046565 
-0.034083 
-0.033626 
0.009023 
0.051871 
-0.011099 
-0.014189 
0.000183 
-0.003567 
-0.029754 
0.038926 
0.068779 
0.022678 
-0.007520 
-0.050581 
-0.006168 
0.016300 
0.019614 
0.014177 
0.058730 
0.064014 
0.032699 
0.030255 
-0.014463 
-0.011905 
0.026602 
0.004793 
0.027246 
0.013907 
0.006192 
0.007506 
0.028779 
-0.026809 
-0.017467 
-0.016371 
-0.035410 
-0.003008 
0.008304 
0.025224 
-0.008661 
-0.012754 
-0.063744 
-0.023519 
-0.028659 
0.009111 
0.017891 
0.050436 
0.021479 
-0.011157 
0.010003 
-0.028775 
-0.028365 
0.001240 
-0.035233 
0.010211 
0.022110 
0.019467 
-0.012735 
-0.029683 
-0.060890 
-0.021068 
-0.011322 
-0.020058 
0.026820 
-0.027770 
-0.006758 
-0.005842 
-0.025683 
-0.048376 
-0.008897 
-0.036067 
0.003428 
-0.016042 
-0.020375 
-0.016637 
0.017596 
0.007173 
-0.012159 
-0.004637 
-0.018727 
-0.008905 
-0.007571 
0.008770 
0.015319 
0.015520 
-0.047166 
-0.074431 
-0.035539 
-0.040709 
-0.001651 
-0.012096 
0.035744 
0.017764 
0.003013 
-0.003334 
-0.019761 
-0.026053 
-0.022169 
0.010585 
0.034189 
-0.010680 
-0.027177 
-0.015824 
-0.001516 
-0.036318 
-0.020842 
-0.027891 
0.005957 
-0.008769 
0.001438 
0.000401 
-0.023621 
-0.004352 
-0.043702 
0.004067 
-0.053483 
0.021412 
-0.014476 
0.023003 
0.012773 
-0.052050 
-0.023307 
-0.054736 
-0.008154 
-0.017338 
0.030578 
0.028052 
-0.027117 
-0.015774 
-0.032286 
0.005748 
-0.041671 
0.000156 
-0.040753 
0.024084 
-0.017114 
0.006084 
0.016415 
0.005401 
0.008510 
-0.075750 
0.011933 
-0.048501 
0.014566 
0.002148 
0.010117 
0.006370 
-0.004619 
-0.014340 
-0.073087 
-0.028724 
-0.044834 
0.020875 
0.024932 
-0.009929 
-0.003663 
0.017510 
0.050382 
-0.055021 
-0.000303 
-0.036480 
0.010933 
-0.015360 
0.014752 
0.031814 
0.034113 
-0.008061 
-0.079150 
-0.027407 
-0.027756 
0.028798 
0.022054 
-0.008489 
0.020403 
-0.027511 
-0.008166 
-0.073549 
-0.011660 
-0.015949 
0.012889 
0.002328 
-0.033333 
0.021969 
-0.020402 
-0.028804 
-0.065076 
-0.024018 
-0.012767 
0.005199 
-0.016741 
-0.010117 
0.038343 
-0.002226 
-0.025992 
-0.062108 
-0.011763 
0.000023 
0.046787 
-0.009654 
-0.039126 
0.015894 
-0.041633 
-0.009542 
-0.040275 
-0.016180 
0.010160 
0.023341 
-0.035186 
-0.008902 
-0.003113 
-0.021788 
-0.028247 
-0.043878 
0.016632 
-0.005380 
0.021133 
-0.022447 
0.002427 
-0.000298 
-0.024215 
-0.018366 
-0.037299 
0.034892 
0.005979 
-0.008889 
-0.031049 
-0.048129 
-0.012425 
-0.022655 
-0.025694 
-0.026863 
0.014904 
-0.004715 
0.027547 
-0.040156 
-0.018937 
0.005317 
-0.027001 
-0.011350 
-0.035673 
0.010143 
-0.005397 
0.015460 
-0.032130 
-0.008901 
-0.000383 
-0.022772 
0.021905 
-0.028809 
0.000795 
-0.013486 
-0.010613 
-0.033237 
-0.024000 
0.008384 
-0.009943 
0.020878 
-0.005251 
0.013303 
-0.017091 
-0.014609 
-0.047608 
0.004341 
0.025090 
-0.021460 
0.014230 
-0.023059 
0.007676 
-0.023766 
0.003483 
-0.019767 
-0.004462 
0.007570 
-0.028301 
-0.011473 
-0.023803 
0.006901 
-0.016316 
-0.005505 
-0.016132 
-0.015065 
-0.000452 
-0.019482 
0.016073 
-0.021751 
0.013408 
-0.010406 
-0.014587 
-0.020749 
-0.000530 
0.004915 
-0.001688 
0.024786 
-0.022041 
0.016231 
-0.015132 
-0.001647 
-0.020227 
-0.013613 
-0.032802 
-0.053327 
-0.022842 
-0.033244 
-0.017200 
-0.028896 
-0.013165 
-0.040891 
-0.003589 
-0.019679 
0.001613 
0.007250 
0.007714 
0.007775 
-0.015176 
-0.018626 
-0.020543 
0.003518 
-0.002093 
-0.009951 
0.022693 
-0.052880 
-0.001104 
0.012867 
0.003311 
-0.053199 
0.003582 
-0.008690 
-0.019448 
-0.000184 
-0.046346 
-0.009803 
-0.006129 
-0.028857 
-0.015022 
0.021176 
0.010359 
0.001165 
0.017070 
-0.032963 
-0.008083 
-0.010315 
-0.005977 
-0.008065 
0.029218 
0.005020 
-0.023826 
-0.008626 
-0.006340 
0.011273 
0.025206 
0.010384 
0.004598 
0.032138 
0.011665 
-0.015580 
-0.024345 
-0.064051 
-0.013447 
-0.019652 
-0.065723 
0.003624 
0.022841 
0.007450 
-0.017728 
-0.003857 
-0.035366 
0.019778 
0.007500 
-0.016802 
-0.010732 
0.025252 
-0.009237 
-0.040727 
-0.031623 
-0.035306 
-0.000831 
0.033514 
0.000852 
0.022669 
0.015467 
-0.004261 
-0.031363 
0.002608 
-0.013768 
0.030793 
0.046846 
0.010262 
0.012470 
-0.006878 
-0.006581 
-0.037852 
-0.008429 
-0.057356 
0.015717 
0.005535 
-0.026180 
-0.037510 
-0.000792 
0.016153 
-0.010984 
0.025401 
-0.058348 
0.004779 
0.007460 
-0.002239 
-0.015376 
0.017247 
0.017191 
-0.027983 
-0.000543 
-0.060836 
0.005257 
0.007273 
-0.001852 
-0.002896 
0.028976 
0.043312 
0.025110 
0.026322 
-0.072840 
-0.010851 
0.019086 
0.028992 
0.023362 
-0.021866 
-0.004739 
0.019977 
0.025996 
-0.088096 
-0.042951 
-0.017597 
0.007732 
-0.026662 
-0.006067 
-0.005011 
0.051792 
0.025936 
-0.062001 
0.003701 
0.027622 
0.029146 
-0.007300 
0.030813 
-0.001285 
0.011560 
0.010933 
-0.097465 
-0.032977 
0.022969 
0.037292 
0.011361 
0.028867 
0.001471 
0.015343 
0.018149 
-0.054411 
-0.011847 
0.008018 
0.039538 
0.012746 
0.013973 
-0.026462 
-0.001096 
0.007922 
-0.050703 
0.032629 
0.031418 
0.022080 
0.001213 
0.004840 
0.020276 
-0.004129 
-0.003896 
-0.021730 
0.055591 
0.029410 
0.031481 
-0.005559 
-0.002512 
-0.014484 
0.010099 
0.009189 
-0.065625 
-0.018411 
-0.005571 
0.028537 
0.013399 
0.011185 
-0.004662 
-0.019840 
-0.040857 
-0.068620 
-0.017459 
-0.011123 
0.011689 
0.017843 
0.000909 
0.024524 
-0.014413 
-0.026812 
-0.041418 
0.009808 
-0.009324 
0.003949 
-0.016687 
0.034678 
0.055042 
0.021815 
0.021326 
-0.055345 
-0.008667 
0.002508 
0.019151 
-0.007444 
0.001503 
0.000577 
-0.027771 
-0.053128 
-0.058401 
-0.031217 
-0.020519 
-0.010453 
0.004387 
0.002890 
0.011721 
-0.007197 
-0.011046 
-0.021982 
0.009169 
-0.005588 
0.004247 
0.009955 
0.029208 
0.051340 
0.003475 
0.004691 
-0.042405 
-0.007583 
0.000162 
0.015163 
0.003244 
0.028363 
0.007747 
-0.011741 
-0.001538 
-0.001719 
0.007106 
0.023129 
0.026081 
0.004009 
-0.032213 
-0.005706 
-0.030104 
-0.009678 
-0.011284 
-0.014207 
-0.021810 
-0.000014 
-0.008279 
-0.022340 
-0.004336 
-0.027669 
-0.021911 
0.007819 
-0.005879 
-0.026208 
0.031088 
-0.015244 
0.030850 
-0.008567 
-0.000112 
0.006257 
-0.030738 
0.012789 
0.011727 
0.024164 
0.010463 
0.027941 
-0.001111 
0.016508 
-0.009438 
-0.046979 
0.007464 
0.007383 
-0.003605 
0.030333 
-0.008915 
0.000055 
-0.026331 
-0.011926 
-0.010507 
-0.000069 
-0.033886 
0.034427 
0.001658 
-0.018152 
0.001954 
0.001744 
0.001530 
-0.026510 
-0.002665 
-0.013961 
0.005925 
0.004788 
-0.009390 
0.008567 
0.009512 
-0.005766 
-0.066389 
-0.013791 
-0.011082 
-0.012123 
-0.005259 
0.012361 
0.026196 
0.004163 
0.034786 
-0.013231 
0.019734 
-0.022770 
0.003864 
-0.003245 
-0.030354 
-0.000507 
-0.003746 
-0.006816 
-0.060431 
-0.037305 
-0.020141 
-0.021838 
-0.024229 
0.020698 
0.003099 
-0.026675 
0.029089 
-0.035660 
0.023330 
-0.044950 
0.000169 
0.002664 
0.008307 
0.021568 
-0.030471 
0.011069 
-0.006850 
0.018843 
-0.025931 
0.013784 
-0.008836 
-0.016026 
-0.038506 
-0.037913 
0.004274 
-0.004254 
0.021354 
-0.042079 
0.006126 
-0.014539 
0.018903 
0.000790 
-0.036265 
-0.001192 
-0.027049 
-0.002376 
-0.067121 
-0.034844 
-0.029721 
-0.005928 
-0.025765 
-0.047801 
-0.007209 
-0.029666 
-0.013150 
-0.077981 
-0.052564 
-0.039116 
-0.013261 
-0.003239 
0.014375 
0.040373 
-0.042196 
0.013215 
-0.035692 
0.005785 
-0.008513 
0.011765 
0.038734 
0.041064 
0.021583 
-0.082862 
-0.019044 
-0.026388 
0.028421 
-0.005833 
0.016755 
0.000223 
-0.025329 
0.004370 
-0.058611 
-0.010559 
-0.048823 
-0.020243 
0.002861 
0.025143 
0.007174 
-0.034085 
0.001340 
-0.092288 
-0.039686 
-0.030426 
-0.002109 
-0.011111 
0.006809 
0.034404 
0.002740 
-0.010042 
-0.083553 
0.001226 
0.000052 
0.043530 
-0.008294 
-0.007149 
0.007462 
-0.045081 
0.012638 
-0.070780 
-0.008081 
-0.006137 
0.038719 
-0.015700 
0.016630 
0.012839 
-0.025477 
-0.005731 
-0.074507 
-0.042320 
-0.041339 
0.003313 
-0.015363 
-0.011459 
0.014351 
0.001590 
0.002985 
-0.059657 
-0.054037 
-0.050714 
0.022770 
-0.013348 
-6.531815